443
672
701
3316
3708
3895
4237
4381
4779
5081
5438
5751
6497
6882
6956
7523
7567
7589
7608
7811
8165
9203
9410
9619
9754
10151
10418
11089
11367
11390
11453
12114
13258
13316
13736
14360
14913
15184
16571
16837
17962
18033
18076
18300
18343
18574
18590
18717
18719
18894
19761
19922
20114
22208
24195
24393
24434
25957
26013
26513
26712
27420
28058
29184
29992
30192
31453
31733
33103
33456
33803
33865
34108
34344
35203
36603
39539
39572
39774
39863
40056
40073
40507
40515
40579
40784
41352
41517
41614
42159
42357
42598
42930
44452
45564
45925
46042
46107
47294
49757
49828
49841
50886
50970
51713
52143
52261
52637
52913
53545
54220
54305
55215
55521
55602
55738
56149
56367
56510
56610
57314
57728
57787
58009
58077
58083
58090
58438
58784
59143
59286
59633
60043
60322
60434
60866
62391
62570
62730
63132
63143
63270
64037
64175
64355
64812
64944
66131
66164
66622
66773
67725
69483
69520
70358
70765
70800
71367
71394
72097
72320
72695
72926
73018
73119
74692
74901
75212
75876
76939
77361
77369
78235
78264
78279
78421
78642
78727
79070
79199
79382
79658
79787
79812
79919
80003
80967
80998
81374
81536
81693
81906
82209
82228
83408
83854
84286
84439
84475
84490
85035
86015
86131
86414
86559
86714
87374
89001
89096
89194
89314
89451
91017
91215
91291
91490
91740
92018
92050
92211
92259
93911
94024
94800
95646
96622
97132
97687
98617
99390
99617
100281
100410
100789
100845
101881
102346
103712
104197
104593
105952
107032
107046
107090
107156
107473
107682
107704
108418
108774
109049
109097
109495
110993
111152
111230
112158
112534
112901
113062
113213
114251
114264
114755
114867
115878
115879
116159
116307
116574
116893
117512
117601
118354
118882
119189
119201
120665
120887
121031
121043
121893
122139
122523
122770
122924
123049
123338
123342
123388
123594
123907
124062
124326
124554
124804
124987
125037
127307
127308
127313
129445
129529
129598
130483
130676
131140
132078
132264
132924
133124
133397
133820
134308
135679
136655
137044
137530
